512.4194199856241,672.7379790667194,916.1191200799404
614.6376045261541,174.63681959985323,991.6771338225406
72.19936672146655,983.904392971829,519.8001316404841
966.6753373881049,442.4472083355712,986.3603317175714
230.07733625541127,248.42254481798852,753.0489994288138
553.3003713136085,370.28731557165963,992.5454187463893
111.05565664549711,704.1199022114012,611.2657355393927
317.0002834952674,644.1231480137308,642.2389123269786
555.2748728163434,707.007260329913,337.64936427099957
912.108074249071,844.6405057483972,719.8512367793857
16.60320270013782,161.51658366213894,399.8378124234077
670.9762949371026,475.00643541353,398.14855140740457
829.5368848375023,593.1526359450405,342.9424522380725
755.3107364085078,782.658362224118,652.095656891601
399.1301408222524,688.9814816050039,771.2780816433147
374.76923839682485,686.5154866701554,216.80704722375265
783.2588496925201,500.7062079639,968.997198447229
279.3979745415266,824.7767255228639,2.0310528529396965
779.3169066863103,555.2551355890257,385.4481102916778
834.4710763111257,551.3085614963423,92.8810014822513
702.5527597747789,279.49396160025674,104.11559684269767
937.108867834601,615.887528776141,316.81141414275794
51.6486973630671,521.4089407174833,751.0740575391272
326.83958231270304,547.4707640414622,973.9070543345688
746.6829269544407,564.3094129930942,143.46005987324773
642.0778867400363,249.32619160919157,267.070492132815
440.01622951525366,79.55157619787833,440.90855984417965
968.2347980204993,636.2385222511592,458.1991429325346
933.5173313777593,565.1570596508857,50.418721227704076
869.6382231712888,969.9695752845502,965.3511456880569
174.35639129661462,262.52794875254403,1.8246759994619
677.292342757679,849.4170796169151,825.497435543714
881.7089828720078,543.1582238939211,707.9191203506933
470.27998786714886,103.08864286089458,920.910947827847
110.34799693326902,695.6005521424853,748.1656139438028
14.726676554243756,427.06178274830233,519.591527059306
63.36106397786268,725.6284795733787,662.5649870317789
356.98797490005506,871.8891706291641,348.28111014594344
101.09205663449616,687.07982921514,354.2136615655499
675.2574993759548,864.1566454545471,109.37581320656365
79.71855512019266,586.6881202790297,13.885313456194371
916.1597572697369,556.7129436422455,1.0565245799938339
110.37039747464694,624.5967256227962,982.9300316676763
142.0052338493616,936.9386131602807,5.77317516769893
324.9679920781007,436.3681132151318,444.148159015448
24.03161902649842,332.66110698007736,0.24717818168296102
831.4895336858535,757.1869658584668,603.1570678827155
592.8023654642435,85.18007086379464,806.6883176473517
349.51656977219693,121.52575818762034,221.10636211012869
926.5163543390602,99.93966260521758,268.1220428079425
943.8823660126092,600.5834224793206,156.2629402202176
570.7193580677133,426.1554036724089,80.62945262179232
274.15997279469906,345.9857628215367,436.7060744437149
960.0837193948307,692.5175391016278,163.82862425364263
101.5523756198794,704.0893644623181,335.7480315139026
197.7051352792505,169.1823346138045,681.8631105803345
740.3384348273104,665.174383372633,769.2033962304812
154.79038512376374,15.724987944080615,746.1724689050425
303.110919096803,362.1317926961686,939.6214855948814
820.5940613575511,286.54240929675234,315.94392620713876
109.21865731521274,602.1150559858644,674.2978852065822
167.7934701157464,922.2108466292676,761.792933156156
442.5709195043396,42.07111060571256,45.39537771408864
932.8324332186869,977.2490698119827,44.18708077783062
943.6289734750973,567.0063872066384,122.80645430597426
746.6578389769105,988.2148100945014,973.5726483588844
583.2250783977827,832.0692774923449,641.3326477690819
13.129526682324478,734.5459480995817,729.1286096877367
221.91371059147846,341.7042514162683,808.0646291445976
16.493821858504454,798.4010341052224,804.4701501116488
833.8504270584147,88.79564613591917,825.1248718795406
563.8395407774584,696.1820287412223,80.2442900979159
241.5621379588281,813.2817537512383,145.65689984923767
323.4391440162093,887.537642656526,476.0660735735303
637.1452905251127,684.4762256096864,252.4639489536594
117.23233754789031,418.42427217070775,960.1753637973829
773.0061698389053,407.44205262801046,381.2410516441246
149.22484697754768,121.0963190632195,868.9656794190307
804.7188103683656,816.2682990229862,183.0116905937389
306.91241303964455,270.43253906488974,956.4350497330635
720.2701953066326,282.91101614962434,709.1462030263845
737.5416829542831,24.385026243783024,223.8012728890738
751.116942286623,248.16931141602626,230.0599957598134
274.4975795682878,295.03569363842576,912.0471908283117
335.1955977203138,802.0375338709413,485.08815201309454
542.65033509366,391.1157409917837,536.9301423674157
91.28322149903877,106.64525007221926,772.7131369519195
698.2694975062415,625.1115579176892,140.79415263844308
915.7511246276122,90.68183596555302,390.7592152813071
424.1548745403304,417.3485703260217,84.02490275682217
71.51678279790286,945.8904707721032,935.7134720461629
590.8605512390194,381.6878497823101,428.72830181576694
896.479958038732,642.0727796880755,776.2147109780663
669.0859886261818,615.5424489169593,927.6051323669516
203.4035518631334,737.1072147215203,82.07007722851533
717.1429513070202,410.5451129397434,643.3274474749751
310.4229693954509,904.667428747612,367.8912307888689
423.41643784150654,865.9816444679744,531.159928399102
963.3611718845315,718.4200892371849,897.4393668466669
31.33692932019072,238.5165479865602,835.1516443273456
766.8966984540006,623.147066743815,85.75687893257944
959.8584408642831,159.13643337873452,712.8636791714982
507.35227674344276,668.0168520326838,372.746056514219
923.9574856633132,248.84399754232655,124.08497455204814
348.29401107663494,374.5361059042294,862.5071339186568
397.26860932925143,872.555388121718,125.98784825211085
30.98436268910032,132.83353854153546,312.82101688916055
304.56986542812894,286.8632906529759,413.2225378877663
181.61402020166284,258.0312563728843,100.88416323401239
19.21329471046096,809.6756213123457,250.96395467112887
679.6289068968281,458.57885710639215,413.8727566514646
625.4256364379544,712.9561890876274,68.18979695093208
886.7172467554984,57.48028282817297,742.1117104766342
215.22296725179447,705.4769237156527,525.6537573027521
781.3564159283627,124.11908809553907,461.39717278833257
873.9032839209275,319.1201070807744,138.15729131241238
643.340901285378,399.5511892356246,849.1011996527367
287.9915313441294,475.19373453028993,725.735188591387
637.398057952043,884.2208773120781,802.6705231270525
328.2782931362149,518.6712372505865,477.041097491083
252.6982382788815,478.48394768450487,132.49969757784353
933.2527897202528,147.33924103159868,36.21280973709884
160.50864823875867,569.3768462571545,944.258228838649
481.69944789460317,805.5103379469151,249.3554564308824
297.02492017655544,809.9189367952328,965.8132811923304
106.292479487891,181.08403148189845,427.91454264411163
301.01976460861613,79.9146034431688,915.0126913059383
993.3494565573158,660.0447261667347,774.9104288512124
321.7248379243588,211.6472611757072,147.75438914717276
240.03159353897541,720.5709579880948,969.4369430666525
443.535951285332,143.8166761711258,918.8208627439452
823.6201900351836,853.2741856586571,480.02471913377263
879.8061112163274,788.230335924137,975.6252007479937
374.3425231610012,285.03747454733065,565.3533377720573
794.1408342820722,783.655526366165,778.9026845340711
851.7333943586818,468.7121097881448,880.1495906497694
287.08774635611945,119.2869464218178,92.96348366004803
694.7365939430342,433.6549564348184,315.6006700192029
208.64438326118562,157.77428641620804,746.749649892292
259.5901359137326,923.7279518834972,19.776687343148524
39.19623402967864,117.84808603818998,67.84132866786763
260.78801427409803,77.78413706903797,238.81207593611464
936.816023664893,504.3201067770442,413.83224941585274
794.7335894156167,827.5603891298689,640.2293262705124
37.66037061954852,135.53144474309343,745.1209687683238
330.63578442757824,340.88476117788724,493.9646289970976
375.71310868217176,323.96426828827805,722.9942205100187
698.160847083054,662.6653657462821,534.4128823137355
62.45169559743602,845.38852959207,96.63648913497691
657.631396586355,187.60648923510337,470.06218170078387
137.12767638630484,688.1190945026003,428.98989765165163
599.3218663053998,19.226461442398257,79.82712697330552
312.10710930194796,231.12935492201038,567.683870984262
448.67760779995035,458.6271318497407,192.67557272986113
539.8389614440944,654.1885125457899,803.911142701689
40.99448723456178,449.57006555967274,817.1192003158674
310.1091124151624,653.0313878839869,786.3658023036606
331.02888071925884,456.5935781831838,419.0138678138021
36.77271699900364,207.86585671891532,923.2882103135835
500.82636809216206,939.8908409605164,161.18317961362118
47.48843575289996,446.19001997341013,964.2524490010373
675.3017015724453,831.0597134916168,559.8015380780342
80.33299761976099,934.7189190064756,502.4388687419183
824.1860952362509,521.1078983480758,895.2880691508356
896.6523250793618,835.8709976861785,372.48234830305273
967.1690418266212,206.6044806691385,176.58856412563773
516.0856618276447,749.2783844693535,980.1787088665461
874.5675361513509,658.8356632204667,5.943229798624605
590.2317947329981,127.57500996759941,926.8427258778836
608.6896813760287,788.3527146512229,257.2213161994279
775.6372012044544,479.57346512109945,368.29465195434074
943.1427330341317,774.36760084232,667.1864994944515
411.27921943069566,146.0277171522668,158.5317662652127
562.4504188447008,62.910140526619365,770.0547403500478
913.9664152473405,918.5337250955627,300.2230307691071
38.16041503284773,554.2353671220048,777.7067635039718
687.4370186605796,757.6591786706952,684.2200355258669
627.6744529634758,690.2630192793633,139.086332735315
904.6305081214858,110.90377950336783,721.1622260290329
597.7387188979277,605.3189508882871,392.6893821793369
721.7378594986063,15.238337090602405,719.691951586473
857.1773602621789,753.4821406250607,267.5457929794094
568.1815193775716,145.29356211793765,764.389315126905
436.2022786393569,505.6493020033793,674.4997632669327
426.48477963628363,11.180213910379377,205.76233716136792
687.5271282409589,698.1097384810215,566.5741838876211
64.79257246671777,565.7133535970277,554.838997651512
844.4653406532746,387.9567666822591,612.2961643565276
154.19972758350542,917.6443523191796,733.3271955476021
761.9925902146355,551.8971117704093,118.47895351589189
31.50787162891522,705.4198466412233,971.0422903640056
719.064249896418,873.6846017517499,730.3903749247485
540.9172379004824,926.8952327714853,666.3220998231315
176.84008805060503,368.0997499656945,620.6525266405048
187.69443285314057,778.1252303632497,780.3113878324207
392.2940284132193,449.5998651279336,318.65030780097015
592.1397033807943,884.4965939151272,667.0250422600577
976.2654790729468,281.825708235646,116.59361266069811
569.1872875153534,437.5990453595193,39.59614074822737
477.5056494203398,247.29820813863702,375.46649514467344
750.5592613423826,330.7631999685444,227.55548826822204
159.72496166925166,108.97226850537922,724.5717866864293
482.2843612733596,736.4175506606889,225.72715476740336
528.9716422215771,647.8134833877403,454.77959524627266
287.1908233520326,432.49524843770826,804.5848270843205
247.65442527502722,51.07480021137245,622.3282187881182
793.1609455213065,978.0937974776547,223.7985170760065
644.8299018225997,189.20679518484351,953.3938019791261
53.849190451326855,897.3721004793301,741.1874958805503
577.5442818127547,796.9308387828139,437.80570268507836
286.4380299893322,864.0460420704818,61.2335198808005
314.46659335062833,904.423880042638,63.27665076038424
424.9431765760402,417.48375748725476,340.4267153799647
972.0624741313677,133.15155209319397,931.2542273030094
538.552411811119,587.8408659981613,127.61476090223579
828.3006830029426,459.8735288985082,645.7731865383357
140.34776919825197,486.32947342317345,229.6819421718277
234.39566706746695,90.83171198199047,433.15841628437823
57.2414204282462,123.87201710308359,566.6496393100246
428.28468563370546,302.0942383312124,660.6380008178862
738.6551794509242,575.215616228389,522.8899002596519
83.20466231017897,664.3183572711407,925.2859239323212
337.8677525789221,896.1139447228155,566.681042896774
81.5369657063706,450.5399746064746,502.51626447609976
341.39413428144906,640.3349625966014,249.78500286035188
640.5670297679194,240.5974817912787,918.7567167500474
980.4756170444577,294.8147345712071,409.942413847596
307.37326891528807,598.9300439898755,660.9806024963153
713.8463396106588,760.9125120858939,76.88856213986806
431.00602746807834,74.10711207333887,393.38487422075906
98.38196081782324,134.9701542639109,368.2949110183552
879.606041577027,805.7723469929579,527.4576646107208
786.8774608728388,381.6537961238812,494.4110038429661
38.18199651844844,431.82424826718216,16.64642530441718
929.771828169994,120.14678792331802,854.4741721471217
461.3324941416048,266.58317192369196,923.3546646410995
176.7399525928828,149.33287439564901,386.39464364136046
98.04873447922557,417.2618367820795,658.4777552259794
838.1799743383463,688.6990640857164,652.9123886718485
308.5327821033964,465.9906162313686,18.422870234284016
686.0930306390375,693.7100518006965,238.33919919966286
183.25367429935557,959.5517440226115,859.7113566575904
755.9056352525083,276.6513370690395,562.9912425619393
101.6525378458426,407.32327891272735,746.8712041387914
309.5249235779309,907.0692538672502,167.21593087338604
353.28757810380915,25.07808912159426,397.30637383747893
586.3212063412681,32.492828002120724,390.11996207740606
730.9443731500158,610.4492555413425,610.9703774875686
900.6516554495536,324.51803199266993,483.190465711846
708.3661654221767,774.1645496266649,418.63398439271384
136.69916268047854,363.8598698426676,916.3216876523844
471.695399286449,155.54516288873975,887.8634984193035
385.40483736079835,98.79366969595804,610.5384574018245
192.25196337150507,144.10843890600444,789.928411647727
802.5965731799355,384.55626270033883,272.0506342703525
439.56891212998903,231.1384639318006,725.0269985078198
227.411021380715,798.6709995477312,907.152388164565
140.20209093451953,192.39348250251277,320.6161955343669
467.9998194172517,362.58931708672804,14.75164141350216
514.1400262339158,419.18088715278424,423.30088377741106
766.4036551405679,839.169216520722,227.70156547307764
662.9536756748705,480.2019053543708,385.588050976996
922.3463371201763,645.8756727835164,197.21242221325642
60.3068417431778,318.07441849409315,363.6349321656437
59.39767036082899,774.605606034625,974.9217498701228
896.1351755617583,816.3858748062415,171.57911940081027
526.2046548210118,261.99725965584054,780.0483518958047
762.6097377429829,66.48553123422862,534.6737104569427
956.8963922569993,952.1471957257926,876.6748568606401
426.7189516302269,815.8471696536934,321.6746867043108
881.8077561834685,451.86505073643326,907.6982583722005
716.5938701046844,886.4476060728855,463.02933324070216
342.6885789459463,133.86113710668968,813.3329548374314
834.1063549517188,953.8133700878408,143.56069174058038
882.7986147938236,804.3738203548252,826.0990339947683
594.2003050248757,913.6651208925892,536.5683883756577
755.8336264675868,649.367981326287,700.7054051591726
253.16348469816307,118.78730781459701,782.4889753635196
729.4614772796759,410.1085521646904,572.7459340090107
216.7740606158529,326.09767692013213,243.26526362279233
997.2208653072174,439.05192865493945,708.1412991669729
180.00249556254866,81.98620008634538,839.0297827919798
301.37591200018596,546.8892994862786,16.134178974057335
229.62780031754747,118.8156809190728,724.1509097511395
800.6287347871688,989.3848774846366,959.6042607272819
398.5293609089504,809.8755509267452,834.5347167295519
678.8449867121741,848.4177927551923,361.6170231897203
776.2021064808577,803.7838031045712,258.6127489374074
219.49851686398614,647.2721456048084,327.4298043602534
906.7562401139667,148.94232559115895,693.8354981118854
597.6129527604373,689.5160203616867,874.504120024362
117.71483563886287,837.6420600967804,863.7779389678975
45.67617949217295,129.4292896569903,984.1406871590648
66.6025810367411,108.14036175110398,25.055275461478566
208.30209151458035,647.4229790670207,298.76326829883595
35.7931379449743,698.7191109419559,96.93857831320219
335.1648857104467,215.65122486652567,27.108224649801894
889.385852875251,754.4807528988575,430.5105180653287
692.6616990833212,368.34321248330406,270.9775823792261
590.9338468352734,246.42524100846086,400.9542061232926
968.470329907447,631.4362354485062,734.0132871454939
401.42976968707234,621.0287163579096,380.53355211750716
63.137438605909146,981.9162929406406,944.2493586091011
388.73921871863604,301.83808826207013,927.293712251493
119.40949409271984,985.7790476336081,843.9732167100859
410.1935404572574,504.10710432369444,323.6471667786547
840.4321692133749,363.5038532362811,45.53077142059014
928.7263800870514,287.7068958094796,709.85457188616
546.2927307958265,334.0488822550526,689.8662852423433
711.0531076211562,597.7965726514523,691.8738907335559
265.6442778135618,45.16674280020949,692.4007689608399
877.1110212244031,259.2656624376113,344.9249735681176
753.1782919649485,483.7195523213742,31.798186997846646
838.341517262598,78.86079154401126,289.0650242936502
259.2329626080313,420.9319158186593,491.5963158912933
215.31676061115013,744.1601763263709,958.6299545911648
296.4371922096821,552.3208322964476,59.82017755980085
871.481946220447,514.0146917842171,222.98496953344403
488.47467691664946,80.42465576777292,731.6456720569618
170.06345715133298,490.4566190229924,212.9298640160422
833.1556630121062,522.3312945464188,245.92178273048347
558.0240453921109,813.9921608154149,58.48882487951323
648.2382221474508,637.169011303942,865.739986347911
628.7394807023667,496.11510471786823,414.7157628742438
922.94117041814,616.8348048658548,530.9852617596217
110.12004355741966,905.1593828973603,229.48238233731178
396.8207151340243,293.8350611170196,958.5189581283599
385.36416273581733,561.4742133903385,449.77309960265745
103.48734351986144,242.6141199243711,731.8035492015731
469.45450209491577,829.4585341498355,951.4552093708937
319.2502696692635,606.4391035318583,341.7347369391667
47.798455885877054,68.20750090471827,264.3613020658493
362.79218146986756,13.95677167658993,46.42657937213723
617.867216252175,617.2559721116107,924.229398442756
814.875513032229,472.9784593603432,388.7982322925533
765.9634140876944,743.8766973647913,961.8838040676949
827.2126324355786,980.8002102177147,123.01574179389252
636.8861888479253,5.207791162804676,6.167454468487321
924.2261562678855,279.21005375402996,77.00025141361866
113.6772702549832,820.6203121940711,270.59932663857353
274.578231095182,638.9438747559934,338.04973004271
689.1137728861016,892.5447822724143,776.4351673388443
822.0426476294824,385.2577730114707,858.7393390725647
473.32429002431644,239.6805908946582,170.5520056897708
965.3750346490558,597.9087654685399,704.1397930372906
907.8853614573982,344.21839333632886,481.01644139660914
9.03732619768327,731.4606215760931,309.3771167587638
132.91898445023486,390.3858864239802,843.8742441787726
262.5506225277601,923.6252647240084,195.8753819147897
338.84718625388234,958.1373126147004,281.0283866409157
134.36314594703657,280.3501744830781,59.38111303553262
9.231963205185266,302.8691748893588,832.3431608206538
581.7796189795329,158.48263480207038,244.03647522584183
578.0757987654349,516.2644283444704,988.4871284152597
873.9307922818467,293.8719398933087,652.2040810467433
458.49444108924996,238.21806150438852,349.5475843852214
379.06831221422334,850.3743751706323,704.1719750120677
596.0889008384985,35.632293092380586,585.0259603766489
376.62813639744684,70.94278832733036,196.88756811972198
27.800557050226104,237.91526622870262,102.24946107396914
141.36637445860057,95.2258530620319,754.9581620840781
425.5729646709074,625.3745389361084,773.1689162409791
471.16083540172605,740.1619338990174,5.667377327760348
235.67758894933576,406.3427840434848,726.4999314684147
698.3922122447797,114.09145059491944,924.9150155215871
922.8807253399386,939.6597570233754,607.6149118804689
100.64661203141134,15.970657804962652,821.8964422984678
549.396605696505,505.78698204445107,38.7969083377594
620.167838944966,246.2608951526043,782.9722970519599
689.327103399464,493.9533810772192,895.5886716851061
320.2597377272053,483.78163480774896,752.3908011143919
649.4466638546828,842.7960032759364,741.047642880905
4.798423208680402,943.9150745876989,759.0416904305063
458.039310139292,683.3221138912814,540.6663557204535
655.1365414949122,980.5759357379344,620.8428540421021
838.1978450491019,417.90489117602357,0.32635574406714163
594.8200079892192,401.72418056492944,85.16453873360419
815.593643107069,6.534572704693042,333.5854914677264
671.4165846146069,982.1919850322133,155.23505391132986
60.13012754984648,897.6576349382726,450.39318767383963
887.9790719791571,346.38150827010514,965.9698486188865
34.89713879939404,758.5009843526669,866.4003964118381
262.70835703522323,597.0071590178538,212.22683076420424
455.1058282885634,148.51996770645792,631.6679830527007
729.5952822722984,246.4188709309154,799.0904452102741
46.74988267326741,306.1335766283539,262.94547232703326
397.43254797515317,797.9400631042394,125.27564383075784
664.0159417409668,846.6902742526954,699.8281501164081
788.6994326577899,781.7504143067321,571.8496382769431
172.2495244109228,8.998518520785037,278.920750890703
909.409390683641,900.6769632281743,240.79344336148455
247.73145896909386,45.98031979738948,390.42732262596127
328.9259921492199,835.24335152128,459.94457754458074
176.67656773663165,886.1695459884221,29.015606635285906
344.72173819454565,15.753287825986838,777.9274161636481
565.6428178161201,547.8514452140122,727.9071730798157
787.6801914474901,535.215992572345,147.01698831016296
487.72552579505026,264.48184781598616,146.33758252232744
902.2982059971195,265.5974469296479,312.5942101760917
289.17188291584773,473.3560714762588,812.1020287800075
873.3875481944124,988.1145065857967,470.9153849874982
46.92314456406932,870.924717366119,571.0155390276634
123.82616406655312,964.8704181827882,445.18505710124754
398.49256331863825,586.1481770996791,203.8120730870101
180.67355603578883,294.7219761310911,683.1174545687285
232.80222221748716,153.19960752045404,400.1975745857933
200.51732943143807,713.4116836280715,563.8986758530087
27.29782460489849,658.8908250799263,963.2477823611234
707.1097786319648,241.10429121139555,882.1951619970794
607.875454268638,27.510178788977214,310.7655209442418
569.9134929404022,445.8282437800728,61.947904247354636
880.8019943214325,512.3025240342915,271.1244387826809
132.70198830122627,697.0994912554012,50.369164079232974
898.6806118023102,761.439157975805,988.9398725703587
875.333440486794,920.2400917849069,906.9247762672657
156.26971237670028,286.74852321436015,781.91250098082
294.58509276519527,240.508419023441,584.1132980194404
619.1447379239336,302.3066945861033,767.5500063965443
353.72669443724425,910.9224321584418,94.39813144418063
943.2130951919049,30.69700479302828,422.22587766953166
954.428164066989,854.246267396427,265.433772995897
92.24213271615523,57.693195692017916,282.0966326525355
304.61339803857635,495.5606302763901,245.35690244420937
972.0017303206834,808.5245179141857,254.55709029584327
714.8426049835535,716.5660036819634,269.8619834810304
313.3963649124107,924.849377082054,410.8348160769628
473.4538501535579,297.5616438161843,428.4008129157454
314.9804685901899,242.0684967189982,277.5442303159257
793.6251845837473,121.06637219655936,50.36395538243743
131.30458640122944,249.50473248351923,61.95691744810128
957.2052439506014,357.3412241879086,202.62017779001619
223.2922529405046,705.9895093995699,628.6820036245706
310.95656788862357,423.5487723324909,773.2828686142387
597.8374605295074,372.12510315140855,512.557529189337
607.9873244654697,463.73319502878763,885.8945989754764
705.4546007281156,296.4193001686749,593.8649392326469
784.7156062129378,616.888622179744,413.0964503005058
58.395992541144246,490.9589476363775,989.4128030678534
872.6925837353081,277.6436789219006,155.8799733143944
720.3396141730836,185.53510996016809,110.37797194573452
662.8580479515621,682.9386517103569,637.183488388066
617.5818377303486,736.2509962361223,10.70900776724526
562.0407055117248,424.79956555924593,287.2422161071179
967.5597537636293,61.61458536320386,75.92592887678107
949.3479181116704,262.0830006723357,229.95920666758764
22.265356203701515,608.7907645625605,680.7062970103004
191.99132889599912,922.9172714392212,618.7351081074356
212.3618680366196,34.789971035081855,746.0198362948313
301.41860202567204,416.41254622380364,17.652330145522697
755.111222776388,288.50323692619315,645.9253179775253
283.59252520477474,840.8440387993038,227.5087264534944
879.9852413260754,663.1341408476417,815.5150722217483
390.97962298637447,341.5934645582045,60.661318084155866
226.3489588010198,765.0769177155328,781.7959234695187
344.2575210905939,963.2011797546814,265.5738417089508
296.03918700691344,621.8748490389518,437.32223948492424
831.7747316642553,805.352847944437,279.8409921410321
390.05130632863336,282.6647089702401,882.8086907830564
184.12523440293626,453.7844510604706,984.6371842053309
434.8088319918453,0.448149525974717,432.2887866160071
576.4351409344283,857.1060020342552,676.2348607876743
893.4109521454563,224.4812792667561,677.0616724489191
745.5748427723676,74.45424498050713,140.56099387354092
366.49802478377205,267.76573426764605,288.9758036933937
383.8616575006034,963.6028182053204,890.6826746579511
993.4816320965557,290.6600807148526,377.6961382618086
742.1285389506398,423.47377713919775,227.489690979896
767.2710441563665,595.4848444187505,240.53054379681848
747.407788298435,179.57079235665407,30.39688734898793
945.5771429131969,644.0220846575035,719.0669978957957
114.89067600817393,908.2311003785569,844.2253803261228
872.5552350613995,472.23369410514846,738.0826924023778
558.1254812129184,260.1851199649393,464.01510172219787
380.9977428306186,613.4474025340174,4.5946436276737
620.3354162575285,762.006312808219,441.7231673067097
114.41906967137194,378.6594646373653,16.06806774958902
754.8741782122601,763.7969199619909,654.8007861262465
348.98029230854786,553.3299829877424,116.0969412270122
762.6695152953029,352.92300525285094,740.6159521652254
387.9413698220995,723.8298321587943,164.61028009200007
284.38224007811607,178.70257358210074,63.57727155428927
198.7446926250749,560.1347531922532,701.0016232064694
777.1600596844556,315.448114303219,241.46811798155977
439.33899283586817,267.9328480095795,187.568057433244
859.3901681036219,936.8388590321176,708.645430455249
322.2363919355126,943.3654246966239,864.1905513706397
457.73236510947066,660.7826044077656,477.9955518372959
260.22174364796933,874.3848117565752,932.0814034910362
261.7926161635004,850.1397951396091,119.34832004029671
966.6404570776783,638.2905910196688,645.3293176423122
302.8059139449506,992.2104480062496,984.7796413508446
607.6953028800623,646.3686859695324,526.4270963034421
290.2366486782879,21.892979721218286,163.111037018714
857.9699649982034,131.56434974924048,360.38692356305614
727.7510099614814,264.9509435528663,366.0410980224238
849.1338542705545,308.4909952563789,57.720565984628266
897.9213192503224,645.784469586817,562.6975153844107
253.00786598521708,948.4170655488917,527.6519819511004
960.5131903512323,187.28529037467135,360.82889323226243
253.29618026615552,93.65790380669947,659.4772950814395
606.3844114093753,309.42318035514063,851.0904032425242
256.6074589558988,321.3809495545076,583.9033185989676
698.8655716282203,360.7057751152163,402.51873237511103
616.0602748443685,388.4363272259158,961.2740548936365
914.8494361516357,466.9869550917952,35.81398859858653
804.8342979266725,325.5541482799582,925.4945987515329
663.4140921685648,601.5611172269764,866.804158676314
719.4033686807453,977.0791844364818,978.7259779009256
152.24651571668068,637.2342917023153,362.684346303898
621.6576355710653,524.1958772329658,981.9640663756736
829.89466601861,575.149805215101,992.4029714284965
576.3553026904435,905.0586313413893,991.7234102804615
40.30899648645847,618.477112434253,280.88497212280515
707.8772622240123,20.9844417201418,46.38179802588649
367.46471422394154,905.4381788964631,342.49018185889724
712.5054930223539,757.3643595571916,772.3474292894165
151.1869532752802,591.2117988327502,16.929991247800146
515.697227264032,761.5592382529029,446.9991848156096
146.60641787800077,299.55764059452383,652.4083295504377
876.2445470510406,514.9891435898573,681.1106594813456
451.80804012207454,401.95682486195204,64.49141200174024
900.8350554783553,967.0063241991335,348.86578969736604
110.92245052991956,945.9617313321191,980.4943932193979
555.273612907086,114.9370381556133,651.1461983810435
229.75454472838786,588.447145062615,390.23078295060463
226.2813096050199,715.7366391960447,21.931425459074116
831.5192956143345,508.59997449570307,243.902344501148
506.0160162731666,394.75382496347055,924.6938992032168
891.7154139947436,816.6873779132295,242.68955454801244
617.8011769650626,917.7450288362313,803.7520892337968
180.83746428765767,446.6922780966487,480.0888107944239
175.41734300470958,251.99391893221878,594.7100150702266
415.6105011652631,354.46666431200214,131.9568768779039
340.9962937787618,246.527112581153,220.27029683155985
274.7014491326494,140.66438867711574,527.1686875476288
411.2212983661606,592.2013432857628,536.6525558064955
621.2734717619403,3.7901273754707976,822.2472760602741
583.2210269838207,8.969962360463658,807.2417457069259
637.0271210852071,399.53110707648864,262.6366050388783
217.16096302751265,975.8967617274487,191.47168784319757
902.1188315083155,556.2836224402159,47.6847163202524
580.8751155122908,442.32208212587153,97.73208235140241
941.0374161037179,363.49063256148384,79.98914812356529
513.6058945398967,805.7266622389471,880.560421324192
631.508015755103,320.97918529788916,123.5040769012713
33.5699077233943,529.8870202446953,7.70874075839445
674.0020663149763,597.7203333159409,916.5716794014224
912.057647518555,419.3444868718772,896.8981795578961
122.56778230103716,602.9914213367604,680.5444287019956
91.39279997260962,123.37347857000003,462.10450073971464
659.4307379923509,299.33994296776376,873.5131377370228
403.4873220206077,571.7584641307235,523.8455946730355
779.0038707528511,184.4451259231614,400.32323283264395
889.9709177923432,949.8749712644449,557.8314541661592
551.3127358677106,9.236007461746244,289.9003677047326
595.8609625901852,502.7934594980588,384.0260893481725
926.9916922065884,875.6174090794719,871.1440498126506
640.2612862208271,965.2401778911177,858.0746159163841
189.4115226345171,33.91657089533873,48.38371918144624
715.2995614631373,90.97984365844913,115.45605890631627
764.5148702501042,64.60827009292413,522.6050472633523
655.9716184143495,493.1342730616884,553.796991122299
72.78495877516644,939.7929126343621,898.1937421586356
8.172199343697063,494.59536068165113,310.56196789081724
904.561484961569,897.9553722897077,26.538977587988064
421.24253264507985,660.3815500385729,213.73900942255432
170.61744253474575,983.2606690305416,684.088455575016
448.0228899397195,173.75032784582444,935.9494800717964
122.37715883312484,272.4603935294834,576.8298835730075
864.6979953842218,804.2171906587033,673.2967230235993
845.1135377163697,184.68006369768474,566.0394765943323
761.5822813390639,274.3209036152875,76.76625462709607
144.51281801635096,210.0959826326848,78.71568664202633
413.1982281652804,785.8665375081177,285.5148298039457
810.6169151003172,942.8309672140307,604.504390757664
742.2178014839639,35.19854765123797,819.2261596900469
638.6944348737238,423.2134548016481,490.0996901989929
149.6047661465787,497.4082277027386,274.03242548171727
796.2824735102158,618.6454050836085,469.92191520998637
617.0271660229104,154.7385061101484,398.3399272789856
978.5806097954066,956.3736982759752,363.0583808485681
493.5951976872366,295.1673275546869,288.17032221350627
916.5436170853837,392.9963671874012,512.6053736144173
875.3813781673098,920.453951699047,395.1236295590189
866.2638210858147,713.9743299380714,33.14686901201036
263.0404592357289,632.9232133953426,464.4511045839995
684.2806375529179,923.0487434949035,0.4990604478911642
452.07527631798695,367.9162595850942,768.5320040512746
497.9086126317187,449.44886326302725,897.2671904903962
755.685042666019,802.0061640254703,346.6939071531616
126.01044616217472,885.1545932849142,997.301045304955
487.3454469859795,790.486462949846,852.0920816705295
654.2113969394895,402.1640526384609,807.7791475148722
616.8464271974608,412.89598783191104,908.4279323646603
576.5814614655101,399.5012253782918,112.24542086613299
58.86588973288654,570.9164026958562,133.68713042075754
887.4028809685774,222.24393029781197,791.1969116497246
728.5769636950918,74.22422104974713,656.7203296567685
442.77222345345814,582.6975444787867,205.37553060469182
297.43495259091924,549.0227742348046,669.1689058776301
860.3058197054769,121.40052469430151,74.22925323510965
169.20803396674222,640.1216769057955,375.61522605519593
530.8556788779118,69.21070096500503,78.42911224999871
158.4170286458476,976.550706819371,356.45205400535906
870.4977795311077,329.4522891271492,768.0847825993143
449.42225382701804,405.64112182053344,490.2326274590795
432.6056746265079,281.0411044643115,221.49529389830346
825.1051882347618,541.008101513737,16.471356735184184
663.9189414652909,921.5634116362885,523.8780880991219
731.9772001737855,732.5246724880911,299.17718264638984
957.3857854723099,507.2511730119953,819.392383794046
268.02189088009396,964.6657356765992,290.8591241790679
807.3034481160583,910.3386930720317,27.63631721958837
586.9294020916758,783.8739874516092,433.2588045312654
684.8753500833998,480.9389732368683,449.2544916036516
875.7768737618445,303.0820833314064,773.42606173688
147.60212453140963,169.75968903121552,352.8202235101771
22.684897529768875,336.32083802866555,852.6281617697516
393.6506487153315,110.97538146844221,222.10405945762867
308.45234187281267,279.42651296878086,543.5064171376434
239.10321124000433,274.54998196134017,931.4375635412883
65.42866099624223,22.084636397877166,492.28189147258405
395.25438692633065,339.29877603599067,536.2266035641904
803.5878496751869,796.5374888695364,363.9539974902318
65.2471104587281,698.909023832091,241.7404362697324
35.46217226763615,830.8420627401275,307.49411667203384
671.549536898797,751.789236290784,118.95261183938233
87.68821698257811,168.06765716801752,245.05245171761902
922.1699759543625,22.65466933617799,241.1631129128109
888.7044139758583,272.62385667552655,956.0820332695789
175.0687955845278,571.7193798092017,635.9912339813567
812.7797428071106,603.230788147476,857.82996642776
964.8000631352401,840.6675232594545,97.56997940451295
555.0888326816543,267.9922151237206,683.5151972586717
707.7339169621386,9.506769651308812,843.7488131588775
47.8913501180932,66.58033107261862,406.24482100208223
643.8701284191135,963.1303827508561,890.047937319121
112.8146063611607,590.5413639193702,149.72957648503993
442.73409182505884,630.9682765678114,50.10479736979789
809.438931420951,814.912881690545,37.43493982558421
83.49754427564304,229.40850662644385,662.391419797528
888.3881199708271,539.3034013098038,953.1088642094652
397.5160001436281,438.50446132456347,532.9065987345588
912.342935672027,687.8041770268098,682.7011744023364
364.02383098260185,837.5177920939852,518.0922834938359
167.1156279856577,464.93010674350677,467.44766972824084
2.752815473073822,735.6174645984884,542.9837044354612
565.3100982153187,596.4492741870067,379.1203965851677
683.5932727738212,513.9791976640336,345.0608037406873
137.18650488042562,813.5606476493273,311.81182871499436
342.8226308026625,564.8935414413922,589.7708416770179
119.06301328294833,617.3926673716296,622.6614356646661
474.49040172265677,115.45982849119108,251.46830484840254
972.7114118102381,486.07401673041903,321.06344632623217
667.7420173341119,573.0569178707963,872.6688900192673
205.40125947410138,653.3979074963032,148.40304590118802
746.5443293803521,363.9521194188653,881.0157811415205
587.0570560066047,537.9646208341238,276.41982156096026
394.6633260968958,563.9291765489256,980.0609200558793
177.8308835748098,773.1207802562888,721.9298926569883
219.94753663537736,371.3447765588442,456.59696695596773
557.545904097589,566.3675888431744,890.7660273762231
28.959143885296633,751.1041565608941,330.4406183813551
281.0992517376638,84.41376616614882,58.209011117207666
193.62560600692746,407.0897689051257,675.7385463592108
36.065246586882594,545.8004379271989,622.5439307920341
240.58127792330052,816.8752698262017,276.3986485994755
337.32508793479144,333.0037060483021,860.2259773293853
572.8331830866935,4.272288439481131,449.36412368070177
117.35699251097864,382.9761437166801,814.8906450668273
730.7952596670202,322.4288674705633,332.2518938785636
940.5139607414087,348.94891040537357,189.38601935431365
50.94122817906055,984.7414057369568,937.3423679634772
137.7360107199034,63.58163568845598,423.30199759234887
517.5560279494049,796.5434312164538,619.8896424501052
199.10181263302084,987.6953380094751,943.1626771771062
105.41862354736875,313.0607906295982,389.94462006513874
721.711263737017,960.2057015150432,205.44735541620994
854.7042679099387,956.0111394158201,354.949673080456
957.7704751628261,330.7165951846952,122.70244324640112
226.8015934767762,861.890941704786,953.7502599177105
82.46078917738909,660.6379848763897,700.864293901953
180.82648558275406,980.7251388983877,16.72640936257097
165.13037269672137,622.6353046301172,824.070852707651
651.9818389968821,188.01519046946459,843.7029688890076
114.33792287600897,559.5510580406664,626.1130070155529
268.0370469771369,579.8520164951178,760.252258530616
632.967695792361,727.3884656884352,481.5518362248156
819.435104661945,278.57407261806634,119.93485705254369
191.56301067325165,434.11592833854115,452.5716361302336
109.1031561670326,742.7356702092267,637.7823347263356
855.6045985894024,785.4132451345032,829.888677912003
804.0495098511727,931.1734948666664,738.6393899568924
306.9808513187433,295.39062770368076,919.4055533240698
43.24893218828751,569.1555825119109,299.4519137363306
824.5222324919354,246.9931227109129,334.5818449389343
123.00286035234787,979.3842130725199,570.6880100783552
248.24144165676665,972.360365824152,63.345300046661166
176.638197098837,418.28862227616946,39.16499736002565
883.7489226686743,543.8192271109825,465.33475391310907
531.6768951630413,966.751419486383,699.850124106642
915.9875153329414,144.29732204018043,19.758995124379286
302.949587265531,804.200616359911,341.8112509567414
625.6162015128392,341.48533879317364,157.4661924094648
749.8855980079679,107.7851742986985,524.388842627922
639.6093066023959,889.6464823754231,366.10700296857044
272.6222958134028,997.9197122277483,471.69789850223555
624.3377575053041,590.0488215152442,119.58358380044754
473.73377658684035,453.50319119817385,991.4705800278734
440.8533071974362,265.933648408251,139.2181375420084
96.26394083706403,172.12118810800004,119.6222600092256
446.46788219670174,457.9544645629453,303.0385037423319
537.21105523205,101.9500637935683,693.2391804584943
634.0485746102585,975.2304698906847,861.9279532478831
998.3768457722423,144.1786697911539,697.2990046944574
862.6469555865139,696.531771253042,849.6623537045577
690.1656109986957,60.717808276791295,546.5702035307444
933.9403514822745,803.5002155938681,962.4716643046792
161.97279265390418,336.8145559680954,532.8966563239601
514.1438977853163,37.94044925671069,179.00649663657632
155.59105160300425,978.8445331564476,365.4349984469569
368.09790288570275,249.6878610676283,861.6255982549321
22.810228136485478,482.8079195975925,980.2250603202189
460.5563224657463,878.8529548554006,564.7875814605017
919.1986519585985,419.56932622524926,815.4676348049194
760.5893061587449,581.7060023190132,737.9423485666979
683.90213003427,851.195383705645,306.6564090158461
51.63146958110099,745.3269164070417,582.4658375053621
588.0367178100163,643.2735622583598,14.742668847482875
367.09305921727486,471.5081390553888,560.5270187072326
326.60712974429583,367.12690325464604,171.15034616773715
426.5215780011312,871.234410089252,185.86037674845036
632.4574313969715,11.539681209019715,412.93515506761713
398.8429452683663,370.22953813118085,401.65302963397033
394.02954312420655,936.0147355335946,543.7929260380753
647.8899381751901,653.279264188668,890.4317607604181
897.0206751195386,108.61039045387189,542.9486787970835
673.7783810767609,886.9145729916268,308.117384474521
815.6194741081536,564.8406416501523,52.04875782378493
26.134789898939914,770.0470370601408,604.3394179527547
430.96380129630217,505.6332522689404,794.7610551958853
478.0003732098069,630.6395240299747,120.58751019108949
628.7767571371531,499.46289040124714,966.4640477591555
580.5998253134535,370.6972686593265,55.607595616819495
947.654837814686,765.9261496651288,510.65171229717123
909.1083542309173,265.877711785403,584.2925612689368
33.92770978586446,566.4913204913512,359.847783408529
819.9919796780645,950.82093191446,514.7097712295024
574.9859342010272,806.10160724648,444.13847325657673
505.2206350210241,914.7436325280382,892.2644594736354
193.95699053604943,221.77461898337202,388.9972589724531
103.3284587540908,338.65034565338226,606.6089759712708
4.952976910837181,88.23933903837433,961.8656976013131
839.4577716310229,517.2917023888293,443.9344547150255
957.0413532160524,464.77187952342524,156.82311289800398
765.5864558852334,614.2230079507561,444.76690289307675
690.7062662594259,322.3971791035241,298.34989232271545
979.3940437243735,332.334185865368,87.24379736210098
143.84583694571162,779.0554511909208,215.26805461323173
958.8309328759921,777.2645844858155,101.86221460911982
373.1461738970826,406.6035693428013,697.9027077867094
274.45942880999354,426.2817382584195,441.5276969206954
95.70734410747816,603.9199786492453,465.7029279305622
769.9469397554478,566.470594477251,557.9342713820458
946.6769231917337,223.0747124511061,396.2156145217308
841.5008608299082,756.2997724492213,71.28365229116052
829.8442829015261,530.5481959068994,3.5221448637273722
630.2049729060983,13.530238215788026,736.39577375546
495.0204592690108,644.7524262393789,106.00430798899919
369.6879134107416,306.61178189738246,297.53686554083737
390.7951626270075,448.4113288450319,337.4502988701562
329.7389561909666,89.64987139078929,51.833425231799346
243.03167994346452,685.3593536291118,976.7752164397313
460.67500286410444,683.0711947648642,293.8671220815384
824.2030733122526,243.55781608565806,391.6102486567243
91.61854258017877,170.4981503280354,50.743618699352396
179.24514458208395,149.02029037143026,898.190333935469
658.4083333168126,611.1609789384897,818.2624604751281
629.727229222668,370.1711708756765,769.6924623513123
145.54839879112757,7.407792561458515,227.32517957877695
206.42277835131128,402.0997994682875,509.6707265103898
605.1925515802642,916.3706225648534,479.8174744805768
574.2764183447983,680.2540624801794,925.604168708752
70.32912818370629,448.3344805841289,941.1791108350429
873.6605392940702,0.2576579308042337,365.79349409059427
386.60890608743017,793.4378555046954,830.8947611365019
364.92360338184193,303.5224650213375,143.7660095756813
847.0659876754952,301.48628894286543,552.240879580095
33.65185474629073,857.8255941434224,387.7000452248763
97.60285247654332,492.23285867216106,810.7202491089581
892.7747825999729,120.57002128969296,584.7631429625287
81.71297999370475,477.70163620715,420.49811509049994
152.49397090771143,444.4600008170926,5.148981214665449
975.5357102755986,963.1006492519165,145.48413960909778
564.7295394139397,467.0896865777644,98.34645311122058
215.89137237043053,884.5676503614743,294.02227111934843
476.9631453593116,135.62710100773955,262.00966916637134
103.22185261798266,513.2671218182579,232.87142659090478
639.4844001098006,145.4158374311615,45.81887499712567
749.023713454825,475.93503192214206,828.5703878690776
835.4727326268724,328.828583383865,619.9074632976854
685.9489162121652,128.45290308405265,805.5466620595274
477.29456538031167,601.8770064088045,7.630941693570592
542.6754867428625,384.8994671230594,545.4888009178794
513.9684077183426,266.5770078493681,250.39530676082398
251.20576786229566,810.1284848194637,278.4701936205355
199.923248574819,254.42591028800166,979.548186131417
169.59830524136666,186.48363716994544,441.8775702973423
406.80280998212226,679.9823419445972,255.44042360245334
808.3187297792657,68.8828731103307,139.02368038013623
437.8722914612536,424.73941603741594,482.04310487074264
5.320183922839727,48.16821665419057,717.9511569949357
495.1716439459779,383.4120787244487,499.17909657019965
37.42405248295733,598.1674544690638,36.77505995976893
616.401625560838,142.45875658435793,922.6021313635421
339.229879087919,832.0837626534275,681.2568454542884
651.9820329907367,811.0392365816866,570.8064954505041
953.1801506892198,130.2154402507979,371.3141495705572
600.0090103858387,246.46570321351257,559.4285362203619
204.95373584690003,112.09027119757687,825.8897151338156
812.0628480797351,190.19392885135588,829.1322916913629
208.3506479084366,547.2265259746991,161.94201258264772
476.95618835566177,709.0678595900337,517.5600226830463
896.425562409499,562.1343053040335,367.0688898487849
680.4164233506862,594.2860249690372,503.7476497261095
265.8651736730698,485.94550174314276,812.0984696937801
821.0904824789437,953.692113116447,504.709695814902
246.40081558190374,259.1886145670633,137.4167097480028
378.7491836988508,509.66752827000863,445.9120540316146
75.19176086480206,932.5524441876879,54.26381313875839
917.6265166266583,125.16258754569077,164.177522273392
698.2685180212169,124.74237483645045,721.0089766548014
751.8086291027577,786.1552924346998,334.18385838026643
639.831094510574,657.321360593314,877.6726102647726
182.7152287215228,803.8651466450403,385.9691504460918
999.8660462502678,3.224721983939749,14.740832057292597
470.0927469246846,920.0361883990134,945.4811996722892
957.4694531143444,784.7930119043644,601.5285651570784
343.5425007861365,531.0777761849014,374.7971522839579
989.6025288358944,743.9083181914301,63.77970450906456
574.2869703912143,541.2280844770263,501.67505465697934
252.80385477965405,335.24702216789007,460.51123395149375
876.3633145965658,732.4725172174814,844.9297162170926
430.5495484517322,114.75363023003537,18.85293240687991
709.3231795174627,742.8718936568011,94.97959124549271
205.27937503383353,207.04702102390482,117.21702224137498
724.2915183478666,190.27073786770043,376.8901974247062
177.25817279444067,432.3184019328913,407.8444701510134
992.2439217019161,501.9814900508794,782.3191846871126
999.9550351030426,796.9720575317031,407.778450786463
434.82925359059675,121.76100810664336,729.8003102549154
132.91345824388767,441.2715701828731,602.6518351132165
248.09427968589227,893.8795460149875,119.51592167783964
499.44170915821815,276.9362437002686,362.25675622790334
569.0343493822154,172.86444866441286,755.6987866468867
471.03937568934464,220.21419125109176,394.48025556725196
231.85299379256406,100.99935047400643,680.5548656983161
648.3312594067766,460.53784587112057,120.50532955066106
539.8878417597977,230.15966313727787,508.4563220208388
456.3179742364641,727.4244497386759,966.7287713062524
431.9531957073446,358.23393249605516,475.3487118861438
378.7637527909299,201.66808162447046,787.0522765769225
936.8381004492372,893.2556535526629,179.9467352821885
903.1887905402208,30.807578541982352,274.34825932450116
122.23247561553552,962.3652709067645,141.33787016939513
786.7548509362811,369.94884815590734,535.1523579436673
886.6616192858373,731.627551959533,629.9231992125868
858.7458537075455,290.7461941100521,902.0291177769041
494.19091039088283,302.2084230678431,339.92518482252933
193.6333473676336,644.0577137172635,380.5099128727698
87.69539359099643,76.0068720343391,503.58797115661116
488.05096254512137,182.70959869428194,880.8016952618884
960.224813183462,538.9563700256241,938.1596457038216
895.4143907859808,654.0377765341381,999.2761942686495
835.158822584555,64.14443096654455,252.13199168080268
375.3340280554217,658.395671088406,693.6105656975559
71.04287715231162,82.81354584526545,299.24671179404885
935.161203694976,387.47849683063873,762.7758588000158
629.6982313234951,974.2404408383915,786.561431525269
533.6521231473229,749.8424683421267,795.1488039388388
936.7606742738868,372.35674367796713,342.3769930932117
109.36398243528089,251.99343827294985,803.0189544001754
829.4503366280637,536.5632355967448,3.9155856064784222
338.431130834369,520.360768673645,409.71605704714443
581.2084486783028,667.164916438325,963.0298734338867
639.0918150389106,757.7092883748696,408.4064949442475
267.83535462522303,914.7541944144267,27.52091906827603
366.91505815123935,259.3031277758615,153.0904372623071
292.77600653657123,612.1093240077598,929.3214327204313
500.14991029975573,448.51976856231835,378.139086190815
814.9547420114209,393.04332858566505,699.2144682194275
735.8995267316869,604.5986432338752,150.3804710476061
762.6579813005143,223.29878011555394,488.13146617078286
313.7006272045422,469.6474678212491,136.6895601483533
509.8820189527676,494.07671871730116,651.5088708491471
984.2281094940088,457.64722357992684,791.550626768067
622.6512794608191,681.0248043658175,626.6572402121235
949.7836522525819,11.595017259163342,426.3025742734079
134.29995897385248,284.28271720155954,171.46073295271825
844.3808806034403,329.580653443589,79.78974862052324
909.6962188038534,894.1540103225922,240.706578530144
590.8973140442621,816.8566165698901,255.83495349673245
934.8507147078586,999.6815778219992,45.54271474038174
389.0869418709171,126.06228007698861,685.1189073839267
993.1412550192941,223.26639345062648,360.4566442374164
941.2795243431207,975.799894461608,488.353028226061
632.2302029260646,844.7686930208476,646.1089492463126
24.243743167525533,339.7109013054912,316.61120620274943
603.25081643806,16.439381018584108,77.5682692791514
549.752954195986,371.91705943803,997.7538186146877
879.47161562525,880.5788139474483,685.0825660519869
628.5276644346308,174.89872197578126,871.3232467338446
795.764395489312,721.9294787753701,904.4611450108634
839.9764317577465,364.1831557029602,716.2794939142998
950.0272528825317,325.26501042015667,319.2828527639955
812.9320658116421,279.08700726317727,6.513793985077676
977.3546163073419,296.1049787218457,977.2175321650791
411.6704881016893,615.5488307552413,130.14493822458383
648.1717955958777,341.5026063384976,644.3490655274758
790.0703634494963,498.0276229616799,313.9524188660374
500.62036502678853,422.83424020081105,787.9975879574077
489.86162427021696,391.6336179197557,859.601010364017
239.91450148113412,479.7548561752829,60.50648768741562
703.4333371816219,409.0720034569039,151.0970722644711
814.7907658752365,702.1361768467091,1.0127125584804553
56.41688440740089,162.4749479460208,882.6068298757098
602.0213640953459,384.9140824887041,533.4599698820697
470.89156906565097,317.49387988037745,403.6461732751563
729.6046068339573,451.25076301625165,368.01772012942
199.1160121830674,942.7272732479448,727.8861335814508
779.9127507361326,156.05792750953196,407.4885258833233
244.5850975455085,925.1458007663139,17.44750451172972
14.868806471690753,90.38922448751174,814.946531759236
558.2360744198861,501.9944885309343,573.4946378446539
732.1160003164325,875.0375934584495,155.3544674109919
480.94451092852876,998.9333370763934,44.97247768587953
316.98857915591014,258.2748328692559,420.7301395050885
439.09917197532457,367.0182459324044,641.1265912348681
219.61640847136454,289.3407741242081,270.9286702793119
349.93856085173934,78.50549367196646,202.54119102239775
226.30124822262943,819.1870882984786,252.49995133234603
191.26083785202053,421.2335694936288,574.2402344748696
572.8641032308947,448.14955852974117,425.4737180838716
791.7457677448913,568.2232087373018,529.2101929185733
275.3344754848781,783.5734032328099,858.2931486913702
830.993143172604,884.7422668544361,629.6837590007638
437.3587739081708,247.73880351009802,17.31460647382399
951.8981377297272,457.88274251269576,676.7112319708559
688.1487210360989,868.3941749423644,649.0413983099073
603.4431381163387,529.0436876919825,497.8545588970166
560.6474043799133,343.3384815248609,347.1665832025664
992.547411390127,409.83377991302183,642.0560932259257
834.7131686694995,971.2184467018285,426.03757962297385
244.32374915191758,145.90168663391523,395.5264593875777
239.23531322409585,729.3088890058832,847.6785812790861
387.8555968017745,37.04723640032959,380.3990598022391
571.802823184487,223.68908684667,928.2401291407461
108.22105314585728,548.5153488973543,748.3308224655931
193.3239982259355,477.95486405060717,85.78917069829295
765.6128259948555,877.3507564128006,705.475015104295
973.19413725277,525.328024345491,485.6878549114276
81.57792499906247,735.7003367323024,296.47925812747724
380.4536061062884,659.5314045854208,640.2821541791169
155.03759049939038,843.4649308542067,198.40802663966883
366.97530100928833,537.7535097490761,670.9625288956237
293.14128591159636,296.07655589891056,817.6673182807998
596.0423909960965,341.9698489632922,434.4668854738901
142.3155931682234,796.6366093276802,502.91160838442437
106.57616588998187,42.23300873583125,240.05073241530883
73.1361055058859,669.2974308765355,865.1995279812124
639.4785735430057,788.5801266509261,675.1979396311517
920.7853051046876,353.57989205367124,385.8782513653193
104.66243541875409,330.0967051458724,647.1200863565858
394.65612332221565,515.1442695215048,967.2286056921822
348.8352322773345,535.4612969644973,214.48806535252217
551.7796312465083,92.10002361075831,287.0830015964869
855.3273323011891,905.888689759837,4.6396783107239825
156.73828308516678,168.84907700033503,624.6023581890411
925.4420031532716,937.5791471889615,908.7569383466954
924.9849537593471,970.1883300122729,770.2014963405404
460.0530228357411,237.23369867444922,540.9377297396654
138.3132837828046,982.2979138051903,180.16387420821755
681.461769877636,23.44609236984474,403.2974375532293
923.7798232622249,16.54181881477601,319.57049033566096
56.70346749027899,583.249557274454,381.704397189505
265.70258752473217,265.8058693166222,211.45206370046876
649.2849748475118,93.06526091800937,715.8305511520256
161.3680286240209,187.37371962707795,303.09448982769237
28.34920624570514,74.93649598259321,850.1113456358926
993.5576934615996,553.9437022965122,521.6011012462033
390.9673420362383,432.27725430092033,33.05858801334172
357.6213885775766,715.0464290675999,641.4293743586885
440.01344522299115,206.3264226565219,442.13353151943255
100.11481109403486,21.43592792970783,69.83879872109833
839.1018529419309,798.8745610025984,267.91573200332806
974.3997850614995,298.47171856668973,787.0499930701371
316.468551452734,724.2766182813334,189.32326277737099
42.363847608502205,71.43819359798809,293.3359199053166
87.42911886057713,961.8249548164094,152.75404355661394
118.71727013034817,103.38737744035787,24.03565563464238
